datetime,overflow,cap,load,dist,origen_id,dest_id,origen_tag,len_origen_tag,dest_tag,len_dest_tag,modelo,criterion,degree,total_balance,abs_flux
2011-09-28 11:00:00,0,21.2,1.9700333338983052,112,9,15,156.14.4.2.53.69.72,7,156.14.4.2.53.69,6,waxman,0,4,80.87265588090503,1074.4031697605692
2011-09-28 11:00:00,0,40.0,1.4096505666666668,590,1,12,156.14.4.1.27.81.84,7,156.14.4.1.27.81,6,waxman,0,4,80.87265588090503,1074.4031697605692
2011-09-28 11:00:00,0,21.2,1.8331416101694915,293,11,9,156.14.4.1.129.70.97,7,156.14.4.1.129.70,6,waxman,0,4,80.87265588090503,1074.4031697605692
2011-09-28 11:00:00,0,74.0,2.081669111666667,98,15,19,156.14.4.1.49.104.154,7,156.14.4.1.49.104,6,waxman,0,4,80.87265588090503,1074.4031697605692
2011-09-28 11:00:00,0,21.2,1.93862095,256,4,21,156.14.4.5.88.123.168,7,156.14.4.5.88.123,6,waxman,0,4,80.87265588090503,1074.4031697605692
2011-09-28 11:00:00,0,40.0,1.9700333338983052,443,9,2,156.14.4.1.3.24.175,7,156.14.4.1.3.24,6,waxman,0,4,80.87265588090503,1074.4031697605692
2011-09-28 11:00:00,0,74.0,1.4096505666666668,639,1,15,156.14.4.1.3.133.198,7,156.14.4.1.3.133,6,waxman,0,4,80.87265588090503,1074.4031697605692
2011-09-28 11:00:00,0,40.0,1.9700333338983052,499,17,19,156.14.4.1.49.104.199,7,156.14.4.1.49.104,6,waxman,0,4,80.87265588090503,1074.4031697605692
2011-09-28 11:00:00,0,21.2,3.968283574810673,347,2,15,156.14.4.1.3.24,6,156.14.4.1.3,5,waxman,0,4,80.87265588090503,1074.4031697605692
2011-09-28 11:00:00,0,21.2,1.8175286949152545,214,5,21,156.14.8.18.20.35,6,156.14.8.18.20,5,waxman,0,4,80.87265588090503,1074.4031697605692
2011-09-28 11:00:00,0,40.0,1.9700333338983052,256,17,15,156.14.4.1.3.46,6,156.14.4.1.3,5,waxman,0,4,80.87265588090503,1074.4031697605692
2011-09-28 11:00:00,0,21.2,2.0729262379310343,297,10,14,156.14.118.45.44.54,6,156.14.118.45.44,5,waxman,0,4,80.87265588090503,1074.4031697605692
2011-09-28 11:00:00,0,74.0,1.4096505666666668,229,1,15,156.14.4.1.3.56,6,156.14.4.1.3,5,waxman,0,4,80.87265588090503,1074.4031697605692
2011-09-28 11:00:00,0,74.0,1.819394881355932,374,6,20,156.14.4.2.0.60,6,156.14.4.2.0,5,waxman,0,4,80.87265588090503,1074.4031697605692
2011-09-28 11:00:00,0,40.0,2.0349379272727273,176,18,12,156.14.4.5.40.61,6,156.14.4.5.40,5,waxman,0,4,80.87265588090503,1074.4031697605692
2011-09-28 11:00:00,0,40.0,1.6516372166666662,60,23,18,156.14.8.7.15.63,6,156.14.8.7.15,5,waxman,0,4,80.87265588090503,1074.4031697605692
2011-09-28 11:00:00,0,40.0,2.0349379272727273,388,18,18,156.14.8.7.52.66,6,156.14.8.7.52,5,waxman,0,4,80.87265588090503,1074.4031697605692
2011-09-28 11:00:00,0,74.0,4.0501208570397385,346,15,11,156.14.4.2.53.69,6,156.14.4.2.53,5,waxman,0,4,80.87265588090503,1074.4031697605692
2011-09-28 11:00:00,0,74.0,3.799592429337912,179,9,3,156.14.4.1.129.70,6,156.14.4.1.129,5,waxman,0,4,80.87265588090503,1074.4031697605692
2011-09-28 11:00:00,0,40.0,2.0178247050847458,167,14,11,156.14.4.2.53.73,6,156.14.4.2.53,5,waxman,0,4,80.87265588090503,1074.4031697605692
2011-09-28 11:00:00,0,21.2,2.0008049440677964,426,2,10,156.14.4.1.67.79,6,156.14.4.1.67,5,waxman,0,4,80.87265588090503,1074.4031697605692
2011-09-28 11:00:00,0,40.0,3.3404328176691447,556,12,11,156.14.4.1.27.81,6,156.14.4.1.27,5,waxman,0,4,80.87265588090503,1074.4031697605692
2011-09-28 11:00:00,0,40.0,2.0349379272727273,30,18,18,156.14.8.32.37.90,6,156.14.8.32.37,5,waxman,0,4,80.87265588090503,1074.4031697605692
2011-09-28 11:00:00,0,74.0,1.93862095,231,13,17,156.14.4.6.85.91,6,156.14.4.6.85,5,waxman,0,4,80.87265588090503,1074.4031697605692
2011-09-28 11:00:00,0,74.0,1.8331416101694915,335,11,19,156.14.118.45.64.93,6,156.14.118.45.64,5,waxman,0,4,80.87265588090503,1074.4031697605692
2011-09-28 11:00:00,0,21.2,1.4096505666666668,251,1,6,156.14.4.2.86.95,6,156.14.4.2.86,5,waxman,0,4,80.87265588090503,1074.4031697605692
2011-09-28 11:00:00,0,40.0,1.9700333338983052,152,17,12,156.14.4.5.75.96,6,156.14.4.5.75,5,waxman,0,4,80.87265588090503,1074.4031697605692
2011-09-28 11:00:00,0,74.0,-0.0039885084745765196,214,19,3,156.14.4.1.129.99,6,156.14.4.1.129,5,waxman,0,4,80.87265588090503,1074.4031697605692
2011-09-28 11:00:00,0,21.2,1.819394881355932,135,6,11,156.14.4.1.27.101,6,156.14.4.1.27,5,waxman,0,4,80.87265588090503,1074.4031697605692
2011-09-28 11:00:00,0,21.2,2.073477245762712,95,16,15,156.21.102.89.100.103,6,156.21.102.89.100,5,waxman,0,4,80.87265588090503,1074.4031697605692
2011-09-28 11:00:00,0,21.2,4.044616245844447,505,19,16,156.14.4.1.49.104,6,156.14.4.1.49,5,waxman,0,4,80.87265588090503,1074.4031697605692
2011-09-28 11:00:00,0,40.0,1.8331416101694915,366,22,17,156.14.4.6.13.109,6,156.14.4.6.13,5,waxman,0,4,80.87265588090503,1074.4031697605692
2011-09-28 11:00:00,0,74.0,1.9732846916666664,468,3,8,156.14.4.5.88.115,6,156.14.4.5.88,5,waxman,0,4,80.87265588090503,1074.4031697605692
2011-09-28 11:00:00,0,74.0,-0.0039885084745765196,252,19,7,156.14.118.45.149.116,6,156.14.118.45.149,5,waxman,0,4,80.87265588090503,1074.4031697605692
2011-09-28 11:00:00,0,74.0,2.081669111666667,132,15,20,156.14.8.7.71.117,6,156.14.8.7.71,5,waxman,0,4,80.87265588090503,1074.4031697605692
2011-09-28 11:00:00,0,40.0,2.0008049440677964,303,2,17,156.14.4.6.13.119,6,156.14.4.6.13,5,waxman,0,4,80.87265588090503,1074.4031697605692
2011-09-28 11:00:00,0,40.0,-0.0039885084745765196,582,19,11,156.14.4.2.53.121,6,156.14.4.2.53,5,waxman,0,4,80.87265588090503,1074.4031697605692
2011-09-28 11:00:00,0,74.0,3.8737412063880434,340,21,8,156.14.4.5.88.123,6,156.14.4.5.88,5,waxman,0,4,80.87265588090503,1074.4031697605692
2011-09-28 11:00:00,0,74.0,1.8331416101694915,470,22,13,156.14.4.5.33.124,6,156.14.4.5.33,5,waxman,0,4,80.87265588090503,1074.4031697605692
2011-09-28 11:00:00,0,74.0,1.8331416101694915,310,11,18,156.14.8.7.52.126,6,156.14.8.7.52,5,waxman,0,4,80.87265588090503,1074.4031697605692
2011-09-28 11:00:00,0,74.0,2.0349379272727273,362,18,8,156.14.4.5.88.130,6,156.14.4.5.88,5,waxman,0,4,80.87265588090503,1074.4031697605692
2011-09-28 11:00:00,0,74.0,2.073477245762712,511,16,11,156.14.4.2.53.131,6,156.14.4.2.53,5,waxman,0,4,80.87265588090503,1074.4031697605692
2011-09-28 11:00:00,0,74.0,3.490661736245195,262,15,15,156.14.4.1.3.133,6,156.14.4.1.3,5,waxman,0,4,80.87265588090503,1074.4031697605692
2011-09-28 11:00:00,0,21.2,-0.0039885084745765196,107,19,18,156.14.8.108.50.135,6,156.14.8.108.50,5,waxman,0,4,80.87265588090503,1074.4031697605692
2011-09-28 11:00:00,0,74.0,1.9732846916666664,182,3,20,156.14.4.2.0.136,6,156.14.4.2.0,5,waxman,0,4,80.87265588090503,1074.4031697605692
2011-09-28 11:00:00,0,40.0,2.073477245762712,108,16,10,156.14.118.45.111.137,6,156.14.118.45.111,5,waxman,0,4,80.87265588090503,1074.4031697605692
2011-09-28 11:00:00,0,21.2,1.819394881355932,537,6,8,156.14.4.5.88.143,6,156.14.4.5.88,5,waxman,0,4,80.87265588090503,1074.4031697605692
2011-09-28 11:00:00,0,40.0,1.9700333338983052,459,9,11,156.21.16.25.122.151,6,156.21.16.25.122,5,waxman,0,4,80.87265588090503,1074.4031697605692
2011-09-28 11:00:00,0,74.0,1.9700333338983052,261,17,19,156.14.8.7.9.153,6,156.14.8.7.9,5,waxman,0,4,80.87265588090503,1074.4031697605692
2011-09-28 11:00:00,0,40.0,1.93862095,205,21,10,156.14.4.1.67.157,6,156.14.4.1.67,5,waxman,0,4,80.87265588090503,1074.4031697605692
2011-09-28 11:00:00,0,21.2,1.9325243166666668,254,12,17,156.14.8.23.43.158,6,156.14.8.23.43,5,waxman,0,4,80.87265588090503,1074.4031697605692
2011-09-28 11:00:00,0,21.2,1.8331416101694915,157,11,14,156.14.118.45.44.160,6,156.14.118.45.44,5,waxman,0,4,80.87265588090503,1074.4031697605692
2011-09-28 11:00:00,0,74.0,1.9732846916666664,310,3,10,156.14.4.22.51.163,6,156.14.4.22.51,5,waxman,0,4,80.87265588090503,1074.4031697605692
2011-09-28 11:00:00,0,40.0,2.0178247050847458,333,14,19,156.14.8.7.9.166,6,156.14.8.7.9,5,waxman,0,4,80.87265588090503,1074.4031697605692
2011-09-28 11:00:00,0,74.0,2.073477245762712,322,16,13,156.14.4.5.33.167,6,156.14.4.5.33,5,waxman,0,4,80.87265588090503,1074.4031697605692
2011-09-28 11:00:00,0,21.2,1.93862095,314,21,19,156.14.4.1.82.170,6,156.14.4.1.82,5,waxman,0,4,80.87265588090503,1074.4031697605692
2011-09-28 11:00:00,0,40.0,2.0729262379310343,64,7,8,156.14.4.5.88.171,6,156.14.4.5.88,5,waxman,0,4,80.87265588090503,1074.4031697605692
2011-09-28 11:00:00,0,74.0,1.9732846916666664,771,3,4,156.14.4.2.159.173,6,156.14.4.2.159,5,waxman,0,4,80.87265588090503,1074.4031697605692
2011-09-28 11:00:00,0,74.0,1.4096505666666668,237,1,20,156.14.8.7.71.181,6,156.14.8.7.71,5,waxman,0,4,80.87265588090503,1074.4031697605692
2011-09-28 11:00:00,0,74.0,1.93862095,690,21,4,156.14.34.83.194.187,6,156.14.34.83.194,5,waxman,0,4,80.87265588090503,1074.4031697605692
2011-09-28 11:00:00,0,74.0,-0.0039885084745765196,182,19,4,156.14.4.2.159.188,6,156.14.4.2.159,5,waxman,0,4,80.87265588090503,1074.4031697605692
2011-09-28 11:00:00,0,40.0,1.93862095,619,13,18,156.21.12.142.42.189,6,156.21.12.142.42,5,waxman,0,4,80.87265588090503,1074.4031697605692
2011-09-28 11:00:00,0,40.0,2.0008049440677964,308,2,17,156.14.4.6.13.190,6,156.14.4.6.13,5,waxman,0,4,80.87265588090503,1074.4031697605692
2011-09-28 11:00:00,0,21.2,1.93862095,227,13,19,156.14.118.45.64.191,6,156.14.118.45.64,5,waxman,0,4,80.87265588090503,1074.4031697605692
2011-09-28 11:00:00,0,74.0,1.93862095,539,4,14,156.14.8.108.165.192,6,156.14.8.108.165,5,waxman,0,4,80.87265588090503,1074.4031697605692
2011-09-28 11:00:00,0,40.0,2.0729262379310343,299,10,15,156.21.102.89.100.193,6,156.21.102.89.100,5,waxman,0,4,80.87265588090503,1074.4031697605692
2011-09-28 11:00:00,0,21.2,5.624812483689816,692,20,8,156.14.4.2.0,5,156.14.4.2,4,waxman,0,4,80.87265588090503,1074.4031697605692
2011-09-28 11:00:00,0,40.0,12.897049912210687,533,15,21,156.14.4.1.3,5,156.14.4.1,4,waxman,0,4,80.87265588090503,1074.4031697605692
2011-09-28 11:00:00,0,21.2,3.981330005842403,91,19,7,156.14.8.7.9,5,156.14.8.7,4,waxman,0,4,80.87265588090503,1074.4031697605692
2011-09-28 11:00:00,0,40.0,1.9732846916666664,250,3,7,156.14.4.5.10,5,156.14.4.5,4,waxman,0,4,80.87265588090503,1074.4031697605692
2011-09-28 11:00:00,0,74.0,1.9325243166666668,464,12,19,156.21.16.19.11,5,156.21.16.19,4,waxman,0,4,80.87265588090503,1074.4031697605692
2011-09-28 11:00:00,0,74.0,7.799322846644579,434,17,22,156.14.4.6.13,5,156.14.4.6,4,waxman,0,4,80.87265588090503,1074.4031697605692
2011-09-28 11:00:00,0,74.0,3.686331940260632,306,18,7,156.14.8.7.15,5,156.14.8.7,4,waxman,0,4,80.87265588090503,1074.4031697605692
2011-09-28 11:00:00,0,40.0,2.0729262379310343,131,10,7,156.14.4.5.17,5,156.14.4.5,4,waxman,0,4,80.87265588090503,1074.4031697605692
2011-09-28 11:00:00,0,74.0,3.7535774453585042,892,21,1,156.14.8.18.20,5,156.14.8.18,4,waxman,0,4,80.87265588090503,1074.4031697605692
2011-09-28 11:00:00,0,74.0,2.0008049440677964,519,2,2,156.21.16.25.26,5,156.21.16.25,4,waxman,0,4,80.87265588090503,1074.4031697605692
2011-09-28 11:00:00,0,21.2,6.982124622620013,330,11,21,156.14.4.1.27,5,156.14.4.1,4,waxman,0,4,80.87265588090503,1074.4031697605692
2011-09-28 11:00:00,0,21.2,5.84370409944836,504,13,7,156.14.4.5.33,5,156.14.4.5,4,waxman,0,4,80.87265588090503,1074.4031697605692
2011-09-28 11:00:00,0,74.0,1.4096505666666668,229,1,8,156.14.4.2.36,5,156.14.4.2,4,waxman,0,4,80.87265588090503,1074.4031697605692
2011-09-28 11:00:00,0,40.0,4.06969126242612,231,18,13,156.14.8.32.37,5,156.14.8.32,4,waxman,0,4,80.87265588090503,1074.4031697605692
2011-09-28 11:00:00,0,21.2,2.0729262379310343,260,10,18,156.14.8.23.38,5,156.14.8.23,4,waxman,0,4,80.87265588090503,1074.4031697605692
2011-09-28 11:00:00,0,74.0,2.0008049440677964,673,2,6,156.21.12.74.39,5,156.21.12.74,4,waxman,0,4,80.87265588090503,1074.4031697605692
2011-09-28 11:00:00,0,74.0,3.9663793035059633,244,12,7,156.14.4.5.40,5,156.14.4.5,4,waxman,0,4,80.87265588090503,1074.4031697605692
2011-09-28 11:00:00,0,74.0,1.4096505666666668,81,1,7,156.14.8.7.41,5,156.14.8.7,4,waxman,0,4,80.87265588090503,1074.4031697605692
2011-09-28 11:00:00,0,40.0,3.9701021427960317,336,18,5,156.21.12.142.42,5,156.21.12.142,4,waxman,0,4,80.87265588090503,1074.4031697605692
2011-09-28 11:00:00,0,21.2,3.8991061179262854,107,17,18,156.14.8.23.43,5,156.14.8.23,4,waxman,0,4,80.87265588090503,1074.4031697605692
2011-09-28 11:00:00,0,21.2,5.917329337020317,183,14,17,156.14.118.45.44,5,156.14.118.45,4,waxman,0,4,80.87265588090503,1074.4031697605692
2011-09-28 11:00:00,0,74.0,1.819394881355932,84,6,7,156.14.4.5.48,5,156.14.4.5,4,waxman,0,4,80.87265588090503,1074.4031697605692
2011-09-28 11:00:00,0,40.0,6.088034503585561,130,16,21,156.14.4.1.49,5,156.14.4.1,4,waxman,0,4,80.87265588090503,1074.4031697605692
2011-09-28 11:00:00,0,74.0,2.0309494126046936,426,18,19,156.14.8.108.50,5,156.14.8.108,4,waxman,0,4,80.87265588090503,1074.4031697605692
2011-09-28 11:00:00,0,40.0,4.0455854616522995,79,10,1,156.14.4.22.51,5,156.14.4.22,4,waxman,0,4,80.87265588090503,1074.4031697605692
2011-09-28 11:00:00,0,21.2,5.900090292303106,68,18,7,156.14.8.7.52,5,156.14.8.7,4,waxman,0,4,80.87265588090503,1074.4031697605692
2011-09-28 11:00:00,0,74.0,9.96548630294578,221,11,8,156.14.4.2.53,5,156.14.4.2,4,waxman,0,4,80.87265588090503,1074.4031697605692
2011-09-28 11:00:00,0,40.0,1.93862095,216,4,14,156.14.4.185.55,5,156.14.4.185,4,waxman,0,4,80.87265588090503,1074.4031697605692
2011-09-28 11:00:00,0,21.2,1.93862095,250,4,7,156.14.4.5.57,5,156.14.4.5,4,waxman,0,4,80.87265588090503,1074.4031697605692
2011-09-28 11:00:00,0,74.0,1.8175286949152545,630,5,10,156.14.4.31.58,5,156.14.4.31,4,waxman,0,4,80.87265588090503,1074.4031697605692
2011-09-28 11:00:00,0,40.0,1.8175286949152545,223,5,2,156.21.16.25.59,5,156.21.16.25,4,waxman,0,4,80.87265588090503,1074.4031697605692
2011-09-28 11:00:00,0,21.2,3.7640866093034617,483,19,17,156.14.118.45.64,5,156.14.118.45,4,waxman,0,4,80.87265588090503,1074.4031697605692
2011-09-28 11:00:00,0,40.0,1.8175286949152545,216,5,17,156.14.118.45.65,5,156.14.118.45,4,waxman,0,4,80.87265588090503,1074.4031697605692
2011-09-28 11:00:00,0,21.2,6.005002252289508,576,10,21,156.14.4.1.67,5,156.14.4.1,4,waxman,0,4,80.87265588090503,1074.4031697605692
2011-09-28 11:00:00,0,40.0,5.3239208746367686,125,20,7,156.14.8.7.71,5,156.14.8.7,4,waxman,0,4,80.87265588090503,1074.4031697605692
2011-09-28 11:00:00,0,40.0,3.9016810932746218,298,12,7,156.14.4.5.75,5,156.14.4.5,4,waxman,0,4,80.87265588090503,1074.4031697605692
2011-09-28 11:00:00,0,74.0,1.93862095,24,4,1,156.14.8.18.77,5,156.14.8.18,4,waxman,0,4,80.87265588090503,1074.4031697605692
2011-09-28 11:00:00,0,21.2,2.0008049440677964,365,2,3,156.14.8.68.80,5,156.14.8.68,4,waxman,0,4,80.87265588090503,1074.4031697605692
2011-09-28 11:00:00,0,40.0,1.9303386220170078,242,19,21,156.14.4.1.82,5,156.14.4.1,4,waxman,0,4,80.87265588090503,1074.4031697605692
2011-09-28 11:00:00,0,40.0,3.908204440187109,805,17,22,156.14.4.6.85,5,156.14.4.6,4,waxman,0,4,80.87265588090503,1074.4031697605692
2011-09-28 11:00:00,0,40.0,3.2272306637981987,137,6,8,156.14.4.2.86,5,156.14.4.2,4,waxman,0,4,80.87265588090503,1074.4031697605692
2011-09-28 11:00:00,0,74.0,1.93862095,626,13,3,156.21.12.78.87,5,156.21.12.78,4,waxman,0,4,80.87265588090503,1074.4031697605692
2011-09-28 11:00:00,0,21.2,13.824327288696937,235,8,7,156.14.4.5.88,5,156.14.4.5,4,waxman,0,4,80.87265588090503,1074.4031697605692
2011-09-28 11:00:00,0,21.2,2.061283423728813,665,8,8,156.14.34.76.92,5,156.14.34.76,4,waxman,0,4,80.87265588090503,1074.4031697605692
2011-09-28 11:00:00,0,74.0,2.073477245762712,162,16,1,156.14.4.22.98,5,156.14.4.22,4,waxman,0,4,80.87265588090503,1074.4031697605692
2011-09-28 11:00:00,0,40.0,6.224677387951094,173,15,6,156.21.102.89.100,5,156.21.102.89,4,waxman,0,4,80.87265588090503,1074.4031697605692
2011-09-28 11:00:00,0,40.0,1.9325243166666668,76,12,3,156.14.8.68.105,5,156.14.8.68,4,waxman,0,4,80.87265588090503,1074.4031697605692
2011-09-28 11:00:00,0,21.2,4.145713542823909,78,10,17,156.14.118.45.111,5,156.14.118.45,4,waxman,0,4,80.87265588090503,1074.4031697605692
2011-09-28 11:00:00,0,40.0,1.9732846916666664,158,3,5,156.21.147.107.112,5,156.21.147.107,4,waxman,0,4,80.87265588090503,1074.4031697605692
2011-09-28 11:00:00,0,40.0,1.93862095,130,13,6,156.21.102.148.114,5,156.21.102.148,4,waxman,0,4,80.87265588090503,1074.4031697605692
2011-09-28 11:00:00,0,21.2,2.0008049440677964,780,2,8,156.14.4.2.120,5,156.14.4.2,4,waxman,0,4,80.87265588090503,1074.4031697605692
2011-09-28 11:00:00,0,40.0,3.80052797172391,416,11,2,156.21.16.25.122,5,156.21.16.25,4,waxman,0,4,80.87265588090503,1074.4031697605692
2011-09-28 11:00:00,0,40.0,2.0008049440677964,840,2,13,156.14.8.106.125,5,156.14.8.106,4,waxman,0,4,80.87265588090503,1074.4031697605692
2011-09-28 11:00:00,0,74.0,1.93862095,328,13,2,156.14.8.179.127,5,156.14.8.179,4,waxman,0,4,80.87265588090503,1074.4031697605692
2011-09-28 11:00:00,0,74.0,2.0178247050847458,20,14,2,156.21.16.25.128,5,156.21.16.25,4,waxman,0,4,80.87265588090503,1074.4031697605692
2011-09-28 11:00:00,0,21.2,5.767549578850385,528,3,21,156.14.4.1.129,5,156.14.4.1,4,waxman,0,4,80.87265588090503,1074.4031697605692
2011-09-28 11:00:00,0,74.0,1.8331416101694915,330,20,8,156.14.34.76.132,5,156.14.34.76,4,waxman,0,4,80.87265588090503,1074.4031697605692
2011-09-28 11:00:00,0,21.2,1.4096505666666668,50,1,2,156.21.102.177.134,5,156.21.102.177,4,waxman,0,4,80.87265588090503,1074.4031697605692
2011-09-28 11:00:00,0,21.2,1.8175286949152545,87,5,17,156.14.118.45.138,5,156.14.118.45,4,waxman,0,4,80.87265588090503,1074.4031697605692
2011-09-28 11:00:00,0,74.0,2.0729262379310343,297,10,6,156.21.102.89.140,5,156.21.102.89,4,waxman,0,4,80.87265588090503,1074.4031697605692
2011-09-28 11:00:00,0,74.0,2.0349379272727273,74,18,5,156.14.34.83.144,5,156.14.34.83,4,waxman,0,4,80.87265588090503,1074.4031697605692
2011-09-28 11:00:00,0,21.2,1.9700333338983052,671,17,19,156.14.8.62.146,5,156.14.8.62,4,waxman,0,4,80.87265588090503,1074.4031697605692
2011-09-28 11:00:00,0,21.2,2.0689377273792235,455,7,17,156.14.118.45.149,5,156.14.118.45,4,waxman,0,4,80.87265588090503,1074.4031697605692
2011-09-28 11:00:00,0,40.0,1.9700333338983052,227,9,12,156.21.16.30.150,5,156.21.16.30,4,waxman,0,4,80.87265588090503,1074.4031697605692
2011-09-28 11:00:00,0,74.0,1.9700333338983052,209,17,19,156.14.8.62.152,5,156.14.8.62,4,waxman,0,4,80.87265588090503,1074.4031697605692
2011-09-28 11:00:00,0,74.0,1.8331416101694915,468,22,19,156.14.8.62.155,5,156.14.8.62,4,waxman,0,4,80.87265588090503,1074.4031697605692
2011-09-28 11:00:00,0,40.0,3.906361532382496,413,4,8,156.14.4.2.159,5,156.14.4.2,4,waxman,0,4,80.87265588090503,1074.4031697605692
2011-09-28 11:00:00,0,74.0,2.0178247050847458,359,14,22,156.14.4.6.161,5,156.14.4.6,4,waxman,0,4,80.87265588090503,1074.4031697605692
2011-09-28 11:00:00,0,21.2,2.0729262379310343,135,7,8,156.14.4.2.162,5,156.14.4.2,4,waxman,0,4,80.87265588090503,1074.4031697605692
2011-09-28 11:00:00,0,40.0,1.9325243166666668,424,12,20,156.21.16.139.164,5,156.21.16.139,4,waxman,0,4,80.87265588090503,1074.4031697605692
2011-09-28 11:00:00,0,74.0,3.9553960197586213,175,14,19,156.14.8.108.165,5,156.14.8.108,4,waxman,0,4,80.87265588090503,1074.4031697605692
2011-09-28 11:00:00,0,74.0,1.6516372166666662,746,23,12,156.21.102.141.169,5,156.21.102.141,4,waxman,0,4,80.87265588090503,1074.4031697605692
2011-09-28 11:00:00,0,21.2,1.9325243166666668,128,12,22,156.14.4.6.172,5,156.14.4.6,4,waxman,0,4,80.87265588090503,1074.4031697605692
2011-09-28 11:00:00,0,21.2,1.9700333338983052,677,9,21,156.14.4.1.174,5,156.14.4.1,4,waxman,0,4,80.87265588090503,1074.4031697605692
2011-09-28 11:00:00,0,21.2,2.0178247050847458,138,14,19,156.14.8.108.180,5,156.14.8.108,4,waxman,0,4,80.87265588090503,1074.4031697605692
2011-09-28 11:00:00,0,74.0,2.081669111666667,244,15,23,156.14.8.28.182,5,156.14.8.28,4,waxman,0,4,80.87265588090503,1074.4031697605692
2011-09-28 11:00:00,0,74.0,2.0178247050847458,308,14,18,156.14.8.23.183,5,156.14.8.23,4,waxman,0,4,80.87265588090503,1074.4031697605692
2011-09-28 11:00:00,0,21.2,1.6516372166666662,686,23,15,156.21.12.94.184,5,156.21.12.94,4,waxman,0,4,80.87265588090503,1074.4031697605692
2011-09-28 11:00:00,0,21.2,1.4096505666666668,267,1,19,156.14.8.62.186,5,156.14.8.62,4,waxman,0,4,80.87265588090503,1074.4031697605692
2011-09-28 11:00:00,0,21.2,3.8758982109925313,313,4,5,156.14.34.83.194,5,156.14.34.83,4,waxman,0,4,80.87265588090503,1074.4031697605692
2011-09-28 11:00:00,0,74.0,1.93862095,266,4,14,156.14.4.185.195,5,156.14.4.185,4,waxman,0,4,80.87265588090503,1074.4031697605692
2011-09-28 11:00:00,0,74.0,43.23094370824024,239,21,3,156.14.4.1,4,156.14.4,3,waxman,0,4,80.87265588090503,1074.4031697605692
2011-09-28 11:00:00,0,74.0,30.152329268654356,630,8,3,156.14.4.2,4,156.14.4,3,waxman,0,4,80.87265588090503,1074.4031697605692
2011-09-28 11:00:00,0,74.0,37.172634054934846,352,7,3,156.14.4.5,4,156.14.4,3,waxman,0,4,80.87265588090503,1074.4031697605692
2011-09-28 11:00:00,0,21.2,17.456571692023054,234,22,3,156.14.4.6,4,156.14.4,3,waxman,0,4,80.87265588090503,1074.4031697605692
2011-09-28 11:00:00,0,74.0,22.352885918862782,197,7,18,156.14.8.7,4,156.14.8,3,waxman,0,4,80.87265588090503,1074.4031697605692
2011-09-28 11:00:00,0,40.0,7.095290148629338,230,1,18,156.14.8.18,4,156.14.8,3,waxman,0,4,80.87265588090503,1074.4031697605692
2011-09-28 11:00:00,0,40.0,1.9276379003072255,430,19,17,156.21.16.19,4,156.21.16,3,waxman,0,4,80.87265588090503,1074.4031697605692
2011-09-28 11:00:00,0,40.0,7.526431151667033,544,1,3,156.14.4.22,4,156.14.4,3,waxman,0,4,80.87265588090503,1074.4031697605692
2011-09-28 11:00:00,0,21.2,10.014161186351545,295,18,18,156.14.8.23,4,156.14.8,3,waxman,0,4,80.87265588090503,1074.4031697605692
2011-09-28 11:00:00,0,21.2,11.626349553884156,112,2,17,156.21.16.25,4,156.21.16,3,waxman,0,4,80.87265588090503,1074.4031697605692
2011-09-28 11:00:00,0,21.2,3.7327584588726808,562,23,18,156.14.8.28,4,156.14.8,3,waxman,0,4,80.87265588090503,1074.4031697605692
2011-09-28 11:00:00,0,40.0,1.8331416101694915,83,22,3,156.21.12.29,4,156.21.12,3,waxman,0,4,80.87265588090503,1074.4031697605692
2011-09-28 11:00:00,0,74.0,3.901248581453725,438,12,17,156.21.16.30,4,156.21.16,3,waxman,0,4,80.87265588090503,1074.4031697605692
2011-09-28 11:00:00,0,74.0,3.889376564895893,213,10,3,156.14.4.31,4,156.14.4,3,waxman,0,4,80.87265588090503,1074.4031697605692
2011-09-28 11:00:00,0,74.0,6.002627290873028,676,13,18,156.14.8.32,4,156.14.8,3,waxman,0,4,80.87265588090503,1074.4031697605692
2011-09-28 11:00:00,1,21.2,21.43887318126091,550,17,1,156.14.118.45,4,156.14.118,3,waxman,0,4,80.87265588090503,1074.4031697605692
2011-09-28 11:00:00,0,74.0,7.166229265479384,173,19,18,156.14.8.62,4,156.14.8,3,waxman,0,4,80.87265588090503,1074.4031697605692
2011-09-28 11:00:00,0,40.0,5.900875644558022,237,3,18,156.14.8.68,4,156.14.8,3,waxman,0,4,80.87265588090503,1074.4031697605692
2011-09-28 11:00:00,0,21.2,3.8188038157166613,46,6,3,156.21.12.74,4,156.21.12,3,waxman,0,4,80.87265588090503,1074.4031697605692
2011-09-28 11:00:00,0,74.0,5.9448530877974,270,8,11,156.14.34.76,4,156.14.34,3,waxman,0,4,80.87265588090503,1074.4031697605692
2011-09-28 11:00:00,0,21.2,3.9106865846830785,288,3,3,156.21.12.78,4,156.21.12,3,waxman,0,4,80.87265588090503,1074.4031697605692
2011-09-28 11:00:00,0,40.0,7.711097337197508,622,5,11,156.14.34.83,4,156.14.34,3,waxman,0,4,80.87265588090503,1074.4031697605692
2011-09-28 11:00:00,0,74.0,10.106376993228793,207,6,17,156.21.102.89,4,156.21.102,3,waxman,0,4,80.87265588090503,1074.4031697605692
2011-09-28 11:00:00,0,74.0,3.7264973528603873,346,15,3,156.21.12.94,4,156.21.12,3,waxman,0,4,80.87265588090503,1074.4031697605692
2011-09-28 11:00:00,0,74.0,3.9344292506358935,460,13,18,156.14.8.106,4,156.14.8,3,waxman,0,4,80.87265588090503,1074.4031697605692
2011-09-28 11:00:00,0,21.2,3.7898992182992917,203,5,20,156.21.147.107,4,156.21.147,3,waxman,0,4,80.87265588090503,1074.4031697605692
2011-09-28 11:00:00,0,21.2,7.995808035122163,236,19,18,156.14.8.108,4,156.14.8,3,waxman,0,4,80.87265588090503,1074.4031697605692
2011-09-28 11:00:00,0,40.0,1.6516372166666662,870,23,17,156.21.102.110,4,156.21.102,3,waxman,0,4,80.87265588090503,1074.4031697605692
2011-09-28 11:00:00,0,40.0,2.061283423728813,609,8,18,156.14.47.113,4,156.14.47,3,waxman,0,4,80.87265588090503,1074.4031697605692
2011-09-28 11:00:00,0,40.0,3.7633130165952666,443,20,17,156.21.16.139,4,156.21.16,3,waxman,0,4,80.87265588090503,1074.4031697605692
2011-09-28 11:00:00,0,74.0,3.5831070686994693,489,12,17,156.21.102.141,4,156.21.102,3,waxman,0,4,80.87265588090503,1074.4031697605692
2011-09-28 11:00:00,0,74.0,5.779761608289036,299,5,3,156.21.12.142,4,156.21.12,3,waxman,0,4,80.87265588090503,1074.4031697605692
2011-09-28 11:00:00,0,74.0,3.7572898612719734,432,6,17,156.21.102.148,4,156.21.102,3,waxman,0,4,80.87265588090503,1074.4031697605692
2011-09-28 11:00:00,0,21.2,2.0008049440677964,55,2,20,156.21.147.176,4,156.21.147,3,waxman,0,4,80.87265588090503,1074.4031697605692
2011-09-28 11:00:00,0,21.2,3.4100939999327897,428,2,17,156.21.102.177,4,156.21.102,3,waxman,0,4,80.87265588090503,1074.4031697605692
2011-09-28 11:00:00,0,40.0,1.8331416101694915,83,22,13,156.14.145.178,4,156.14.145,3,waxman,0,4,80.87265588090503,1074.4031697605692
2011-09-28 11:00:00,0,40.0,3.9387871549454054,26,2,18,156.14.8.179,4,156.14.8,3,waxman,0,4,80.87265588090503,1074.4031697605692
2011-09-28 11:00:00,0,40.0,5.893342376019066,472,14,3,156.14.4.185,4,156.14.4,3,waxman,0,4,80.87265588090503,1074.4031697605692
2011-09-28 11:00:00,0,21.2,1.8331416101694915,103,20,18,156.14.47.196,4,156.14.47,3,waxman,0,4,80.87265588090503,1074.4031697605692
2011-09-28 11:00:00,0,21.2,1.4096505666666668,111,1,13,156.14.145.197,4,156.14.145,3,waxman,0,4,80.87265588090503,1074.4031697605692
2011-09-28 11:00:00,1,74.0,146.1833753349759,206,3,6,156.14.4,3,156.14,2,waxman,0,4,80.87265588090503,1074.4031697605692
2011-09-28 11:00:00,1,74.0,79.87577355751039,250,18,6,156.14.8,3,156.14,2,waxman,0,4,80.87265588090503,1074.4031697605692
2011-09-28 11:00:00,0,40.0,21.015629113712407,153,3,9,156.21.12,3,156.21,2,waxman,0,4,80.87265588090503,1074.4031697605692
2011-09-28 11:00:00,0,74.0,23.118346546799664,732,17,9,156.21.16,3,156.21,2,waxman,0,4,80.87265588090503,1074.4031697605692
2011-09-28 11:00:00,0,21.2,15.429192030560264,320,11,6,156.14.34,3,156.14,2,waxman,0,4,80.87265588090503,1074.4031697605692
2011-09-28 11:00:00,0,21.2,5.924258703346954,184,18,6,156.14.47,3,156.14,2,waxman,0,4,80.87265588090503,1074.4031697605692
2011-09-28 11:00:00,0,74.0,24.439534131966255,456,17,9,156.21.102,3,156.21,2,waxman,0,4,80.87265588090503,1074.4031697605692
2011-09-28 11:00:00,0,40.0,21.71023014384812,627,1,6,156.14.118,3,156.14,2,waxman,0,4,80.87265588090503,1074.4031697605692
2011-09-28 11:00:00,0,21.2,5.180196134739093,124,13,6,156.14.145,3,156.14,2,waxman,0,4,80.87265588090503,1074.4031697605692
2011-09-28 11:00:00,0,21.2,7.612435518977758,68,20,9,156.21.147,3,156.21,2,waxman,0,4,80.87265588090503,1074.4031697605692
2011-09-28 11:00:00,1,40.0,196.0174885809846,240,6,11,156.14,2,156,1,waxman,0,4,80.87265588090503,1074.4031697605692
2011-09-28 11:00:00,1,40.0,77.69738870235277,164,9,11,156.21,2,156,1,waxman,0,4,80.87265588090503,1074.4031697605692
